Dir.	Pos.	AA	AC	AG	AT	CA	CC	CG	CT	GA	GC	GG	GT	TA	TC	TG	TT
5'	1	250.000000	0.000000	0.000000	0.000000	0.000000	197.000000	0.000000	64.000000	0.000000	0.000000	223.000000	0.000000	0.000000	0.000000	0.000000	246.000000	0.245211	0.000000
5'	2	253.000000	0.000000	0.000000	0.000000	0.000000	196.000000	0.000000	36.000000	0.000000	0.000000	221.000000	0.000000	0.000000	0.000000	0.000000	274.000000	0.155172	0.000000
5'	3	257.000000	0.000000	0.000000	0.000000	0.000000	221.000000	0.000000	23.000000	1.000000	0.000000	255.000000	0.000000	0.000000	0.000000	0.000000	223.000000	0.094262	0.003906
5'	4	281.000000	0.000000	0.000000	0.000000	0.000000	203.000000	0.000000	18.000000	2.000000	0.000000	227.000000	0.000000	0.000000	0.000000	0.000000	249.000000	0.081448	0.008734
5'	5	262.000000	0.000000	0.000000	0.000000	0.000000	255.000000	0.000000	17.000000	0.000000	0.000000	217.000000	0.000000	0.000000	0.000000	0.000000	229.000000	0.062500	0.000000
5'	6	266.000000	0.000000	0.000000	0.000000	0.000000	215.000000	0.000000	8.000000	1.000000	0.000000	223.000000	0.000000	0.000000	0.000000	0.000000	267.000000	0.035874	0.004464
5'	7	265.000000	0.000000	0.000000	0.000000	0.000000	238.000000	0.000000	8.000000	0.000000	0.000000	226.000000	0.000000	0.000000	0.000000	0.000000	243.000000	0.032520	0.000000
5'	8	243.000000	0.000000	0.000000	0.000000	0.000000	223.000000	0.000000	1.000000	0.000000	0.000000	256.000000	0.000000	0.000000	0.000000	0.000000	257.000000	0.004464	0.000000
5'	9	246.000000	0.000000	0.000000	0.000000	0.000000	218.000000	0.000000	3.000000	0.000000	0.000000	246.000000	0.000000	0.000000	0.000000	0.000000	267.000000	0.013575	0.000000
5'	10	255.000000	0.000000	0.000000	0.000000	0.000000	227.000000	0.000000	2.000000	2.000000	0.000000	244.000000	0.000000	0.000000	0.000000	0.000000	250.000000	0.008734	0.008130
5'	11	250.000000	0.000000	0.000000	0.000000	0.000000	221.000000	0.000000	0.000000	1.000000	0.000000	251.000000	0.000000	0.000000	0.000000	0.000000	257.000000	0.000000	0.003968
5'	12	246.000000	0.000000	0.000000	0.000000	0.000000	231.000000	0.000000	1.000000	1.000000	0.000000	255.000000	0.000000	0.000000	0.000000	0.000000	246.000000	0.004310	0.003906
5'	13	224.000000	0.000000	0.000000	0.000000	0.000000	239.000000	0.000000	1.000000	1.000000	0.000000	233.000000	0.000000	0.000000	0.000000	0.000000	282.000000	0.004167	0.004274
5'	14	277.000000	0.000000	0.000000	0.000000	0.000000	238.000000	0.000000	2.000000	1.000000	0.000000	214.000000	0.000000	0.000000	0.000000	0.000000	248.000000	0.008333	0.004651
5'	15	281.000000	0.000000	0.000000	0.000000	0.000000	210.000000	0.000000	1.000000	1.000000	0.000000	239.000000	0.000000	0.000000	0.000000	0.000000	248.000000	0.004739	0.004167
3'	1	251.000000	0.000000	0.000000	0.000000	0.000000	245.000000	0.000000	0.000000	51.000000	0.000000	204.000000	0.000000	0.000000	0.000000	0.000000	229.000000	0.000000	0.200000
3'	2	217.000000	0.000000	0.000000	0.000000	0.000000	232.000000	0.000000	1.000000	40.000000	0.000000	206.000000	0.000000	0.000000	0.000000	0.000000	284.000000	0.004292	0.162602
3'	3	261.000000	0.000000	0.000000	0.000000	0.000000	226.000000	0.000000	1.000000	32.000000	0.000000	220.000000	0.000000	0.000000	0.000000	0.000000	240.000000	0.004405	0.126984
3'	4	267.000000	0.000000	0.000000	0.000000	0.000000	227.000000	0.000000	1.000000	14.000000	0.000000	218.000000	0.000000	0.000000	0.000000	0.000000	253.000000	0.004386	0.060345
3'	5	254.000000	0.000000	0.000000	0.000000	0.000000	224.000000	0.000000	0.000000	14.000000	0.000000	239.000000	0.000000	0.000000	0.000000	0.000000	249.000000	0.000000	0.055336
3'	6	252.000000	0.000000	0.000000	0.000000	0.000000	203.000000	0.000000	0.000000	9.000000	0.000000	243.000000	0.000000	0.000000	0.000000	0.000000	273.000000	0.000000	0.035714
3'	7	240.000000	0.000000	0.000000	0.000000	0.000000	234.000000	0.000000	0.000000	5.000000	0.000000	246.000000	0.000000	0.000000	0.000000	0.000000	255.000000	0.000000	0.019920
3'	8	289.000000	0.000000	0.000000	0.000000	0.000000	234.000000	0.000000	0.000000	4.000000	0.000000	217.000000	0.000000	0.000000	0.000000	0.000000	236.000000	0.000000	0.018100
3'	9	267.000000	0.000000	0.000000	0.000000	0.000000	204.000000	0.000000	2.000000	3.000000	0.000000	256.000000	0.000000	0.000000	0.000000	0.000000	248.000000	0.009709	0.011583
3'	10	283.000000	0.000000	0.000000	0.000000	0.000000	236.000000	0.000000	0.000000	3.000000	0.000000	215.000000	0.000000	0.000000	0.000000	0.000000	243.000000	0.000000	0.013761
3'	11	266.000000	0.000000	0.000000	0.000000	0.000000	207.000000	0.000000	2.000000	1.000000	0.000000	253.000000	0.000000	0.000000	0.000000	0.000000	251.000000	0.009569	0.003937
3'	12	235.000000	0.000000	0.000000	0.000000	0.000000	254.000000	0.000000	1.000000	1.000000	0.000000	240.000000	0.000000	0.000000	0.000000	0.000000	249.000000	0.003922	0.004149
3'	13	265.000000	0.000000	0.000000	0.000000	0.000000	222.000000	0.000000	1.000000	1.000000	0.000000	237.000000	0.000000	0.000000	0.000000	0.000000	254.000000	0.004484	0.004202
3'	14	290.000000	0.000000	0.000000	0.000000	0.000000	236.000000	0.000000	1.000000	2.000000	0.000000	213.000000	0.000000	0.000000	0.000000	0.000000	238.000000	0.004219	0.009302
3'	15	252.000000	0.000000	0.000000	0.000000	0.000000	237.000000	0.000000	3.000000	2.000000	0.000000	247.000000	0.000000	0.000000	0.000000	0.000000	239.000000	0.012500	0.008032
