Dir.	Pos.	AA	AC	AG	AT	CA	CC	CG	CT	GA	GC	GG	GT	TA	TC	TG	TT
5'	1	260840.000000	101.000000	100.000000	118.000000	105.000000	190331.000000	90.000000	48433.000000	94.000000	80.000000	239029.000000	101.000000	103.000000	118.000000	125.000000	260230.000000	0.202683	0.000393
5'	2	260833.000000	70.000000	73.000000	73.000000	72.000000	207620.000000	90.000000	31489.000000	92.000000	75.000000	238981.000000	66.000000	89.000000	95.000000	82.000000	260199.000000	0.131604	0.000385
5'	3	259735.000000	170.000000	174.000000	170.000000	251.000000	217920.000000	283.000000	21205.000000	193.000000	168.000000	238842.000000	150.000000	181.000000	185.000000	190.000000	260180.000000	0.088480	0.000806
5'	4	260732.000000	132.000000	123.000000	120.000000	204.000000	224389.000000	235.000000	14402.000000	199.000000	110.000000	238778.000000	127.000000	129.000000	161.000000	128.000000	260029.000000	0.060201	0.000832
5'	5	260502.000000	74.000000	73.000000	53.000000	70.000000	229495.000000	74.000000	9712.000000	129.000000	54.000000	238763.000000	60.000000	74.000000	73.000000	77.000000	260717.000000	0.040576	0.000540
5'	6	260917.000000	81.000000	83.000000	90.000000	56.000000	232168.000000	70.000000	6902.000000	188.000000	93.000000	238650.000000	93.000000	85.000000	79.000000	101.000000	260342.000000	0.028855	0.000787
5'	7	260160.000000	84.000000	94.000000	105.000000	81.000000	233441.000000	63.000000	5170.000000	212.000000	97.000000	239221.000000	97.000000	82.000000	89.000000	87.000000	260913.000000	0.021654	0.000885
5'	8	260712.000000	64.000000	85.000000	67.000000	82.000000	234907.000000	56.000000	3945.000000	214.000000	90.000000	238863.000000	88.000000	100.000000	81.000000	85.000000	260560.000000	0.016507	0.000894
5'	9	260312.000000	96.000000	67.000000	68.000000	67.000000	235805.000000	61.000000	3353.000000	256.000000	97.000000	239248.000000	87.000000	83.000000	70.000000	71.000000	260258.000000	0.014013	0.001068
5'	10	261311.000000	79.000000	71.000000	68.000000	74.000000	236073.000000	69.000000	2729.000000	260.000000	104.000000	238624.000000	75.000000	69.000000	78.000000	65.000000	260249.000000	0.011421	0.001088
5'	11	260910.000000	91.000000	69.000000	71.000000	64.000000	237108.000000	54.000000	2477.000000	293.000000	83.000000	238400.000000	88.000000	76.000000	82.000000	92.000000	260041.000000	0.010334	0.001227
5'	12	260363.000000	69.000000	75.000000	66.000000	68.000000	236999.000000	50.000000	2296.000000	293.000000	90.000000	238636.000000	76.000000	75.000000	77.000000	86.000000	260680.000000	0.009590	0.001225
5'	13	260052.000000	74.000000	73.000000	76.000000	77.000000	237164.000000	69.000000	2173.000000	343.000000	95.000000	238395.000000	90.000000	83.000000	90.000000	80.000000	261064.000000	0.009074	0.001436
5'	14	260444.000000	49.000000	70.000000	56.000000	61.000000	237627.000000	46.000000	2006.000000	348.000000	75.000000	238533.000000	76.000000	57.000000	61.000000	72.000000	260416.000000	0.008367	0.001456
5'	15	260813.000000	60.000000	71.000000	65.000000	64.000000	236647.000000	43.000000	1903.000000	373.000000	82.000000	238473.000000	54.000000	71.000000	79.000000	64.000000	261137.000000	0.007974	0.001561
3'	1	260723.000000	90.000000	82.000000	113.000000	94.000000	238280.000000	84.000000	705.000000	47790.000000	110.000000	190663.000000	100.000000	98.000000	107.000000	95.000000	260865.000000	0.002948	0.200241
3'	2	260609.000000	118.000000	121.000000	98.000000	87.000000	238402.000000	107.000000	870.000000	30937.000000	89.000000	207683.000000	99.000000	90.000000	88.000000	81.000000	260520.000000	0.003633	0.129548
3'	3	260712.000000	91.000000	110.000000	103.000000	99.000000	238171.000000	99.000000	896.000000	20162.000000	86.000000	217884.000000	99.000000	95.000000	97.000000	100.000000	261195.000000	0.003745	0.084632
3'	4	260203.000000	103.000000	116.000000	114.000000	94.000000	238853.000000	83.000000	912.000000	13320.000000	121.000000	224978.000000	101.000000	89.000000	68.000000	82.000000	260762.000000	0.003801	0.055844
3'	5	260096.000000	93.000000	102.000000	132.000000	110.000000	237905.000000	105.000000	995.000000	9022.000000	97.000000	230320.000000	97.000000	95.000000	114.000000	87.000000	260630.000000	0.004161	0.037664
3'	6	260615.000000	95.000000	99.000000	91.000000	80.000000	237227.000000	83.000000	1094.000000	6201.000000	84.000000	233033.000000	116.000000	89.000000	86.000000	90.000000	260917.000000	0.004587	0.025899
3'	7	260172.000000	96.000000	85.000000	127.000000	89.000000	237825.000000	92.000000	1088.000000	4365.000000	72.000000	235048.000000	105.000000	104.000000	100.000000	77.000000	260555.000000	0.004551	0.018219
3'	8	260437.000000	108.000000	106.000000	110.000000	94.000000	238106.000000	114.000000	1104.000000	3275.000000	100.000000	235609.000000	92.000000	95.000000	81.000000	78.000000	260491.000000	0.004611	0.013699
3'	9	259766.000000	118.000000	116.000000	105.000000	113.000000	238244.000000	89.000000	1119.000000	2417.000000	111.000000	236782.000000	78.000000	93.000000	84.000000	99.000000	260666.000000	0.004671	0.010097
3'	10	260035.000000	113.000000	94.000000	116.000000	85.000000	237887.000000	91.000000	1198.000000	1937.000000	109.000000	237637.000000	108.000000	91.000000	100.000000	104.000000	260294.000000	0.005007	0.008078
3'	11	259862.000000	95.000000	99.000000	93.000000	95.000000	238291.000000	70.000000	1177.000000	1589.000000	104.000000	237560.000000	96.000000	86.000000	82.000000	76.000000	260625.000000	0.004912	0.006639
3'	12	260023.000000	89.000000	89.000000	100.000000	76.000000	238268.000000	78.000000	1206.000000	1462.000000	113.000000	237930.000000	113.000000	92.000000	100.000000	95.000000	260166.000000	0.005033	0.006101
3'	13	261175.000000	96.000000	77.000000	105.000000	74.000000	237758.000000	78.000000	1255.000000	1296.000000	106.000000	237305.000000	86.000000	94.000000	91.000000	75.000000	260329.000000	0.005247	0.005427
3'	14	260042.000000	104.000000	93.000000	104.000000	78.000000	237800.000000	101.000000	1279.000000	1165.000000	101.000000	237742.000000	109.000000	79.000000	92.000000	82.000000	261029.000000	0.005346	0.004872
3'	15	260090.000000	104.000000	96.000000	95.000000	87.000000	237375.000000	92.000000	1292.000000	1129.000000	107.000000	238452.000000	112.000000	84.000000	86.000000	89.000000	260710.000000	0.005409	0.004708
